{
  "advancedEditorSelectedIdentifier" : "ShaderGraphEditorPluginID",
  "openSceneRelativePaths" : [
    "ArtistWorkflowExample.usda"
  ],
  "recentIdentifiers" : {
    "0127D191-FCA8-4C33-80FB-A274B0691104" : [

    ],
    "8477073B-3FCF-4438-80DD-4B121F06F113" : [

    ],
    "D523F199-B58C-4276-B25F-1A4C09FD1EDA" : [

    ]
  },
  "sceneCameraHistory" : {
    "0127D191-FCA8-4C33-80FB-A274B0691104" : [
      {
        "date" : 737465402.820717,
        "title" : "Untitled",
        "transform" : [
          0.2724777,
          9.357426e-11,
          -0.9621621,
          0,
          -0.10679866,
          0.99382055,
          -0.030244647,
          0,
          0.95621645,
          0.11099861,
          0.27079394,
          0,
          0.028168902,
          1.189427,
          1.5089488,
          1
        ]
      },
      {
        "date" : 737465376.259599,
        "title" : "Untitled",
        "transform" : [
          0.63695997,
          -9.764199e-09,
          -0.7708969,
          0,
          -0.29850942,
          0.92198586,
          -0.24664591,
          0,
          0.71075594,
          0.3872235,
          0.58726805,
          0,
          -1.7638973,
          1.1069691,
          0.46260598,
          1
        ]
      },
      {
        "date" : 737464555.51039,
        "title" : "Untitled",
        "transform" : [
          0.6210879,
          -9.309245e-09,
          0.7837408,
          0,
          0.2200533,
          0.95977414,
          -0.17438474,
          0,
          -0.75221425,
          0.28077304,
          0.5961042,
          0,
          0.61258924,
          1.3026516,
          0.04330466,
          1
        ]
      },
      {
        "date" : 737464216.407151,
        "title" : "Untitled",
        "transform" : [
          0.5447913,
          2.3337465e-10,
          0.8385716,
          0,
          0.016660111,
          0.99980265,
          -0.010823504,
          0,
          -0.8384061,
          0.019867247,
          0.54468375,
          0,
          0.21314135,
          0.64661074,
          1.7540809,
          1
        ]
      },
      {
        "date" : 737464198.343772,
        "title" : "Untitled",
        "transform" : [
          0.503349,
          -8.292087e-10,
          0.86408323,
          0,
          0.33761394,
          0.92050993,
          -0.19666813,
          0,
          -0.79539716,
          0.39071923,
          0.46333775,
          0,
          0.6965734,
          1.1600862,
          3.1033978,
          1
        ]
      },
      {
        "date" : 737464193.807288,
        "title" : "Untitled",
        "transform" : [
          0.73269534,
          1.4453543e-09,
          0.6805568,
          0,
          0.27905953,
          0.91206485,
          -0.30043873,
          0,
          -0.6207119,
          0.41004592,
          0.66826564,
          0,
          1.1421738,
          0.95220965,
          2.897757,
          1
        ]
      },
      {
        "date" : 737464182.313039,
        "title" : "Untitled",
        "transform" : [
          0.9447268,
          1.21336745e-08,
          0.32785848,
          0,
          0.07443612,
          0.9738861,
          -0.2144883,
          0,
          -0.3192968,
          0.22703734,
          0.9200562,
          0,
          1.149532,
          0.9469776,
          2.8765545,
          1
        ]
      },
      {
        "date" : 737464174.045846,
        "title" : "Untitled",
        "transform" : [
          -0.5287503,
          8.516942e-09,
          0.84877735,
          0,
          0.41256273,
          0.8739215,
          0.2570081,
          0,
          -0.7417648,
          0.486067,
          -0.46208626,
          0,
          1.394682,
          1.1373557,
          1.7588264,
          1
        ]
      },
      {
        "date" : 737464159.844818,
        "title" : "Untitled",
        "transform" : [
          -0.31250048,
          -3.2522678e-09,
          0.9499176,
          0,
          -0.1750176,
          0.98288035,
          -0.057576656,
          0,
          -0.9336553,
          -0.18424502,
          -0.30715057,
          0,
          0.62757224,
          0.5400772,
          1.6628475,
          1
        ]
      },
      {
        "date" : 737462143.017603,
        "title" : "Untitled",
        "transform" : [
          0.999871,
          1.0712542e-12,
          -0.016064068,
          0,
          0.00013062992,
          0.999967,
          0.008130759,
          0,
          0.016063537,
          -0.008131809,
          0.99983793,
          0,
          0.1150999,
          1.636091,
          1.4677747,
          1
        ]
      }
    ],
    "8477073B-3FCF-4438-80DD-4B121F06F113" : [
      {
        "date" : 737297374.963808,
        "title" : "Untitled",
        "transform" : [
          0.75139326,
          -5.3240696e-09,
          0.65985465,
          0,
          0.102505736,
          0.9878602,
          -0.11672589,
          0,
          -0.6518441,
          0.15534593,
          0.7422715,
          0,
          0.7517146,
          0.843344,
          -3.75239,
          1
        ]
      },
      {
        "date" : 737297204.159032,
        "title" : "Untitled",
        "transform" : [
          0.8290983,
          1.1535537e-09,
          0.5591029,
          0,
          0.2507099,
          0.89382577,
          -0.3717798,
          0,
          -0.4997405,
          0.44841453,
          0.7410693,
          0,
          1.0732245,
          0.55485463,
          -4.22916,
          1
        ]
      },
      {
        "date" : 737297162.454174,
        "title" : "Untitled",
        "transform" : [
          0.9355066,
          1.1225322e-09,
          0.3533093,
          0,
          0.16849974,
          0.8789476,
          -0.44616038,
          0,
          -0.31054032,
          0.47691837,
          0.82226115,
          0,
          1.3964154,
          0.45331895,
          -4.364564,
          1
        ]
      },
      {
        "date" : 737297119.167523,
        "title" : "Untitled",
        "transform" : [
          1,
          0,
          0,
          0,
          0,
          0.86720204,
          -0.49795657,
          0,
          0,
          0.49795657,
          0.86720204,
          0,
          1.6915883,
          0.47331613,
          -4.321847,
          1
        ]
      },
      {
        "date" : 737297108.81122,
        "title" : "Untitled",
        "transform" : [
          1,
          0,
          -0,
          0,
          -0,
          0.86720204,
          -0.49795657,
          0,
          0,
          0.49795657,
          0.86720204,
          0,
          0.49037448,
          42.621387,
          74.79031,
          1
        ]
      }
    ],
    "86666909-C54F-44E1-9DBB-29422155DD74" : [
      {
        "date" : 737300377.255287,
        "title" : "Untitled",
        "transform" : [
          0.41714245,
          2.2343812e-08,
          -0.90884113,
          0,
          0.32197827,
          0.9351419,
          0.1477825,
          0,
          0.8498954,
          -0.35427347,
          0.39008737,
          0,
          1952.946,
          -815.1803,
          894.56903,
          1
        ]
      }
    ],
    "D523F199-B58C-4276-B25F-1A4C09FD1EDA" : [
      {
        "date" : 737461529.940765,
        "title" : "Untitled",
        "transform" : [
          -0.64373374,
          -6.737993e-09,
          0.7652496,
          0,
          0.12295024,
          0.9870087,
          0.10342669,
          0,
          -0.755308,
          0.16066687,
          -0.6353708,
          0,
          0.31887987,
          1.0166805,
          0.63096756,
          1
        ]
      },
      {
        "date" : 737461505.821612,
        "title" : "Untitled",
        "transform" : [
          0.05167123,
          -7.8682993e-10,
          -0.99866414,
          0,
          -0.2211932,
          0.9751628,
          -0.011444612,
          0,
          0.97386014,
          0.22148907,
          0.05038786,
          0,
          -1.2776835,
          0.8997703,
          -0.09795762,
          1
        ]
      },
      {
        "date" : 737461475.505032,
        "title" : "Untitled",
        "transform" : [
          0.10145322,
          -1.1403632e-08,
          -0.9948403,
          0,
          -0.20010822,
          0.97956127,
          -0.020406919,
          0,
          0.9745071,
          0.20114605,
          0.09937964,
          0,
          -1.711772,
          0.74596035,
          -0.11377767,
          1
        ]
      },
      {
        "date" : 737461427.279569,
        "title" : "Untitled",
        "transform" : [
          0.03955377,
          8.344658e-12,
          -0.9992175,
          0,
          -0.39779645,
          0.9173386,
          -0.015746672,
          0,
          0.9166207,
          0.39810798,
          0.036284197,
          0,
          -1.6959803,
          1.1308984,
          -0.19832699,
          1
        ]
      },
      {
        "date" : 737461424.958624,
        "title" : "Untitled",
        "transform" : [
          0.21411364,
          3.7108974e-09,
          -0.9768087,
          0,
          -0.29281804,
          0.9540115,
          -0.06418486,
          0,
          0.93188673,
          0.29977006,
          0.20426686,
          0,
          -1.7083524,
          1.1309029,
          0.10106799,
          1
        ]
      },
      {
        "date" : 737461422.134842,
        "title" : "Untitled",
        "transform" : [
          0.21411365,
          8.3672695e-09,
          -0.97680885,
          0,
          -0.29943573,
          0.95185626,
          -0.065635435,
          0,
          0.9297815,
          0.30654487,
          0.2038054,
          0,
          -1.7271997,
          1.124689,
          0.0969367,
          1
        ]
      },
      {
        "date" : 737461403.460145,
        "title" : "Untitled",
        "transform" : [
          0.9750709,
          5.774395e-10,
          -0.22189364,
          0,
          0.020257263,
          0.99582404,
          0.089016825,
          0,
          0.22096702,
          -0.09129267,
          0.97099906,
          0,
          -0.34861267,
          1.3640306,
          -1.3662989,
          1
        ]
      },
      {
        "date" : 737461391.273619,
        "title" : "Untitled",
        "transform" : [
          -0.07600984,
          -5.540359e-11,
          -0.9971071,
          0,
          -0.01687237,
          0.99985677,
          0.001286187,
          0,
          0.9969643,
          0.016921323,
          -0.075998954,
          0,
          -0.35072684,
          1.6354373,
          -1.3817712,
          1
        ]
      },
      {
        "date" : 737461373.046863,
        "title" : "Untitled",
        "transform" : [
          -0.37327135,
          3.732781e-09,
          0.9277222,
          0,
          -0.3007693,
          0.94598794,
          -0.12101528,
          0,
          -0.87761396,
          -0.32420188,
          -0.35311016,
          0,
          -1.2254102,
          1.725001,
          -0.98712933,
          1
        ]
      },
      {
        "date" : 737461359.470388,
        "title" : "Untitled",
        "transform" : [
          -0.6792327,
          -2.5058264e-09,
          0.733923,
          0,
          -0.18437114,
          0.96793187,
          -0.17063221,
          0,
          -0.7103874,
          -0.2512132,
          -0.6574509,
          0,
          -1.2234282,
          1.7257019,
          -0.98529494,
          1
        ]
      }
    ],
    "F9703EE9-D7B9-4EEB-BAA1-F384BA72A49B" : [
      {
        "date" : 737263077.654811,
        "title" : "Untitled",
        "transform" : [
          -0.9627713,
          -4.847251e-10,
          -0.27031717,
          0,
          -0.06542498,
          0.9702687,
          0.23301995,
          0,
          0.2622803,
          0.24203041,
          -0.9341469,
          0,
          -217.44029,
          58.129456,
          -84.226845,
          1
        ]
      },
      {
        "date" : 737263067.853535,
        "title" : "Untitled",
        "transform" : [
          -0.48553553,
          -2.321841e-09,
          -0.874217,
          0,
          0.04943016,
          0.9984003,
          -0.027453253,
          0,
          0.8728184,
          -0.056542214,
          -0.48475873,
          0,
          850.6024,
          35.86538,
          -302.0406,
          1
        ]
      },
      {
        "date" : 737263055.228842,
        "title" : "Untitled",
        "transform" : [
          1,
          0,
          -0,
          0,
          -0,
          0.8666836,
          -0.49885818,
          0,
          0,
          0.49885818,
          0.8666836,
          0,
          49.03735,
          4309.943,
          7559.937,
          1
        ]
      }
    ]
  },
  "sceneViewportBackgroundColors" : {

  },
  "selectedSceneRelativePath" : "Crossroads.usda"
}