{
  "advancedEditorSelectedIdentifier" : "ShaderGraphEditorPluginID",
  "openSceneRelativePaths" : [
    "Garden.usda"
  ],
  "recentIdentifiers" : {
    "83E8C50C-185D-4931-96B5-999CE31B39E0" : [

    ]
  },
  "sceneCameraHistory" : {
    "83E8C50C-185D-4931-96B5-999CE31B39E0" : [
      {
        "date" : 726099013.9033,
        "title" : "Untitled",
        "transform" : [
          0.3602814,
          -1.9380948e-08,
          -0.93284374,
          0,
          -0.70641327,
          0.6531036,
          -0.27282965,
          0,
          0.6092437,
          0.75726855,
          0.23530103,
          0,
          -0.39953613,
          5.6794376,
          7.6358595,
          1
        ]
      },
      {
        "date" : 726098969.136694,
        "title" : "Untitled",
        "transform" : [
          0.41644934,
          -1.2600667e-08,
          -0.90915895,
          0,
          -0.84384644,
          0.3721774,
          -0.38653216,
          0,
          0.33836854,
          0.9281616,
          0.15499301,
          0,
          -2.43107,
          6.9611115,
          7.033557,
          1
        ]
      },
      {
        "date" : 726097276.774029,
        "title" : "Untitled",
        "transform" : [
          0.45730168,
          -1.5302462e-08,
          -0.88931173,
          0,
          -0.7860923,
          0.467613,
          -0.4042241,
          0,
          0.41585374,
          0.88393325,
          0.21384016,
          0,
          -1.849941,
          6.6294017,
          7.4749045,
          1
        ]
      },
      {
        "date" : 726097263.821448,
        "title" : "Untitled",
        "transform" : [
          0.4226333,
          -1.6108803e-08,
          -0.90630084,
          0,
          -0.83556014,
          0.38731906,
          -0.3896449,
          0,
          0.3510276,
          0.9219457,
          0.16369389,
          0,
          -2.3361294,
          6.9144907,
          7.0988135,
          1
        ]
      },
      {
        "date" : 726097262.081957,
        "title" : "Untitled",
        "transform" : [
          0.41128093,
          -1.6218749e-08,
          -0.91150874,
          0,
          -0.74621826,
          0.5742745,
          -0.33670035,
          0,
          0.52345616,
          0.8186628,
          0.2361881,
          0,
          -1.042934,
          6.1398826,
          7.6425123,
          1
        ]
      },
      {
        "date" : 726097221.374579,
        "title" : "Untitled",
        "transform" : [
          0.45062438,
          1.5683993e-08,
          -0.8927137,
          0,
          -0.16849993,
          0.9820252,
          -0.085055366,
          0,
          0.8766673,
          0.18875019,
          0.44252446,
          0,
          1.1731296,
          1.584491,
          8.4956455,
          1
        ]
      },
      {
        "date" : 726097213.467562,
        "title" : "Untitled",
        "transform" : [
          0.44422954,
          1.3113455e-08,
          -0.89591306,
          0,
          -0.45732626,
          0.85990256,
          -0.22676058,
          0,
          0.77039796,
          0.5104583,
          0.3819941,
          0,
          0.82180166,
          4.6434546,
          8.255646,
          1
        ]
      },
      {
        "date" : 726097208.229575,
        "title" : "Untitled",
        "transform" : [
          0.44422948,
          1.3113453e-08,
          -0.89591295,
          0,
          -0.45732626,
          0.85990256,
          -0.22676058,
          0,
          0.77039796,
          0.5104583,
          0.3819941,
          0,
          3.2932422,
          6.214862,
          10.4850445,
          1
        ]
      },
      {
        "date" : 726097199.576881,
        "title" : "Untitled",
        "transform" : [
          0.45714888,
          2.7366136e-09,
          -0.8893903,
          0,
          -0.88884836,
          0.034899406,
          -0.45687044,
          0,
          0.031039225,
          0.99939084,
          0.015954342,
          0,
          -1.8713511,
          4.745585,
          3.546379,
          1
        ]
      },
      {
        "date" : 726097195.215741,
        "title" : "Untitled",
        "transform" : [
          0.35603002,
          -2.8262455e-09,
          -0.9344746,
          0,
          -0.9064089,
          0.2432389,
          -0.34533715,
          0,
          0.22730057,
          0.9699663,
          0.086600445,
          0,
          -0.64298576,
          5.545977,
          4.8730145,
          1
        ]
      }
    ]
  }
}