{
  "advancedEditorSelectedIdentifier" : "BehaviorsPluginID",
  "openSceneRelativePaths" : [
    "Immersive.usda"
  ],
  "recentIdentifiers" : {
    "1D572CEB-057A-41C3-B575-04C37501A3C0" : [

    ],
    "6632BB40-4AA4-45C7-8CC2-402DB50508CE" : [

    ],
    "75B17952-CAFA-4591-9ADA-5C6BB512B796" : [

    ],
    "9AA293F1-6DA5-441B-8B58-507F3296B1B4" : [

    ],
    "9F573547-4285-4DCC-BEB6-45776D977A1C" : [

    ],
    "A11CDAD0-4836-45A4-8051-AAB2104A3F62" : [

    ],
    "A426EE1A-008F-402F-B2E0-A9957504E153" : [

    ],
    "AA2C4443-5FFC-4407-889B-FD96DFAB8EAD" : [

    ],
    "AE9EFD2C-E63E-4795-ABFF-128ABB41D808" : [

    ],
    "D2506514-890A-4226-A91D-3D8FCC5054BD" : [

    ],
    "F85F37FA-5159-4A70-AC11-409405E37D80" : [

    ]
  },
  "sceneCameraHistory" : {
    "1D572CEB-057A-41C3-B575-04C37501A3C0" : [
      {
        "date" : 740449470.410095,
        "title" : "Untitled",
        "transform" : [
          0.9996136,
          -4.8967375e-10,
          -0.027795978,
          0,
          -0.0067980383,
          0.9696319,
          -0.24447463,
          0,
          0.026951868,
          0.24456912,
          0.96925724,
          0,
          -0.15650564,
          1.3947995,
          0.047422767,
          1
        ]
      },
      {
        "date" : 740449315.006773,
        "title" : "Untitled",
        "transform" : [
          0.9996136,
          -4.8967375e-10,
          -0.027795978,
          0,
          -0.0067980383,
          0.9696319,
          -0.24447463,
          0,
          0.026951868,
          0.24456912,
          0.96925724,
          0,
          -0.11741142,
          1.2337322,
          -0.48899126,
          1
        ]
      },
      {
        "date" : 740449301.990979,
        "title" : "Untitled",
        "transform" : [
          0.9996136,
          -4.8967375e-10,
          -0.027795978,
          0,
          -0.0067980383,
          0.9696319,
          -0.24447463,
          0,
          0.026951868,
          0.24456912,
          0.96925724,
          0,
          -0.21358363,
          1.3122162,
          -0.5061203,
          1
        ]
      },
      {
        "date" : 740449258.215842,
        "title" : "Untitled",
        "transform" : [
          0.59418523,
          -3.3689078e-09,
          -0.8043282,
          0,
          -0.16696383,
          0.9782177,
          -0.12334199,
          0,
          0.7868081,
          0.2075817,
          0.5812425,
          0,
          1.1421633,
          1.262438,
          -0.9445671,
          1
        ]
      },
      {
        "date" : 740449256.88694,
        "title" : "Untitled",
        "transform" : [
          0.59418523,
          -3.3689078e-09,
          -0.8043282,
          0,
          -0.16696383,
          0.9782177,
          -0.12334199,
          0,
          0.7868081,
          0.2075817,
          0.5812425,
          0,
          1.0787828,
          1.3776101,
          -0.89990294,
          1
        ]
      },
      {
        "date" : 740449247.937582,
        "title" : "Untitled",
        "transform" : [
          0.59418523,
          -3.3689078e-09,
          -0.8043282,
          0,
          -0.16696383,
          0.9782177,
          -0.12334199,
          0,
          0.7868081,
          0.2075817,
          0.5812425,
          0,
          1.5674292,
          1.2300467,
          -1.5086672,
          1
        ]
      },
      {
        "date" : 740449232.501069,
        "title" : "Untitled",
        "transform" : [
          0.59418523,
          -3.3689078e-09,
          -0.8043282,
          0,
          -0.16696383,
          0.9782177,
          -0.12334199,
          0,
          0.7868081,
          0.2075817,
          0.5812425,
          0,
          1.9387792,
          1.5647643,
          -2.13089,
          1
        ]
      },
      {
        "date" : 740449229.559845,
        "title" : "Untitled",
        "transform" : [
          0.97720695,
          -5.3668465e-09,
          -0.212289,
          0,
          -0.06563448,
          0.9510051,
          -0.30212814,
          0,
          0.20188792,
          0.3091752,
          0.9293288,
          0,
          1.4564469,
          1.7236444,
          -0.93619514,
          1
        ]
      },
      {
        "date" : 740449216.035317,
        "title" : "Untitled",
        "transform" : [
          0.97720695,
          -5.3668465e-09,
          -0.212289,
          0,
          -0.06563448,
          0.9510051,
          -0.30212814,
          0,
          0.20188792,
          0.3091752,
          0.9293288,
          0,
          0.28385955,
          1.7831256,
          -0.7012501,
          1
        ]
      },
      {
        "date" : 740449012.858687,
        "title" : "Untitled",
        "transform" : [
          0.97720695,
          -5.3668465e-09,
          -0.212289,
          0,
          -0.06563448,
          0.9510051,
          -0.30212814,
          0,
          0.20188792,
          0.3091752,
          0.9293288,
          0,
          0.035057902,
          1.3247647,
          -0.49470973,
          1
        ]
      }
    ],
    "228A1F79-1F90-41D3-AB5C-9C7728CC42AD" : [
      {
        "date" : 736378233.406678,
        "title" : "Untitled",
        "transform" : [
          0.99992776,
          0,
          0.012023636,
          0,
          0.0056075095,
          0.8845877,
          -0.46634015,
          0,
          -0.010635962,
          0.46637386,
          0.8845238,
          0,
          0.72992826,
          3.9560003,
          9.425538,
          1
        ]
      },
      {
        "date" : 736378232.023136,
        "title" : "Untitled",
        "transform" : [
          0.99992776,
          0,
          0.012023636,
          0,
          0.0056075095,
          0.8845877,
          -0.46634015,
          0,
          -0.010635962,
          0.46637386,
          0.8845238,
          0,
          2.7294917,
          4.5210037,
          9.151678,
          1
        ]
      },
      {
        "date" : 736377070.840911,
        "title" : "Untitled",
        "transform" : [
          0.99992776,
          0,
          0.012023636,
          0,
          0.0056075095,
          0.8845877,
          -0.46634015,
          0,
          -0.010635962,
          0.46637386,
          0.8845238,
          0,
          5.643605,
          4.5210123,
          9.186714,
          1
        ]
      },
      {
        "date" : 736377062.700943,
        "title" : "Untitled",
        "transform" : [
          0.99992776,
          0,
          0.012023636,
          0,
          0.0056075095,
          0.8845877,
          -0.46634015,
          0,
          -0.010635962,
          0.46637386,
          0.8845238,
          0,
          7.2736254,
          2.9408572,
          18.073362,
          1
        ]
      },
      {
        "date" : 736377055.831802,
        "title" : "Untitled",
        "transform" : [
          0.99992776,
          0,
          0.012023636,
          0,
          0.0056075095,
          0.8845877,
          -0.46634015,
          0,
          -0.010635962,
          0.46637386,
          0.8845238,
          0,
          5.1548567,
          2.1509848,
          7.4496236,
          1
        ]
      },
      {
        "date" : 736377046.623959,
        "title" : "Untitled",
        "transform" : [
          0.99994034,
          0,
          0.010925076,
          0,
          0.00509517,
          0.8845877,
          -0.46634603,
          0,
          -0.009664188,
          0.46637386,
          0.88453496,
          0,
          3.9964778,
          1.6649816,
          5.7620344,
          1
        ]
      },
      {
        "date" : 736362078.947851,
        "title" : "Untitled",
        "transform" : [
          0.99994034,
          0,
          0.010925076,
          0,
          0.00509517,
          0.8845877,
          -0.46634603,
          0,
          -0.009664188,
          0.46637386,
          0.88453496,
          0,
          1.4910376,
          2.3076808,
          5.3957963,
          1
        ]
      },
      {
        "date" : 736360910.346392,
        "title" : "Untitled",
        "transform" : [
          1,
          0,
          0,
          0,
          0,
          0.8845877,
          -0.46637386,
          0,
          0,
          0.46637386,
          0.8845877,
          0,
          8.288441,
          9.956293,
          13.699007,
          1
        ]
      },
      {
        "date" : 736360894.763893,
        "title" : "Untitled",
        "transform" : [
          1,
          0,
          0,
          0,
          0,
          0.8845877,
          -0.46637386,
          0,
          0,
          0.46637386,
          0.8845877,
          0,
          3.1883075,
          3.026566,
          2.0576246,
          1
        ]
      },
      {
        "date" : 736360887.129439,
        "title" : "Untitled",
        "transform" : [
          1,
          0,
          -0,
          0,
          -0,
          0.8845877,
          -0.46637386,
          0,
          0,
          0.46637386,
          0.8845877,
          0,
          1.3261254,
          16.54462,
          30.790428,
          1
        ]
      }
    ],
    "4336B9BC-37E7-47F4-9444-5E30F4610C35" : [
      {
        "date" : 736377127.653399,
        "title" : "Untitled",
        "transform" : [
          1,
          0,
          0,
          0,
          0,
          0.87485373,
          -0.48438716,
          0,
          0,
          0.48438716,
          0.87485373,
          0,
          2.8600395,
          4.831197,
          10.324248,
          1
        ]
      },
      {
        "date" : 736377119.896971,
        "title" : "Untitled",
        "transform" : [
          1,
          0,
          -0,
          0,
          -0,
          0.87485373,
          -0.48438716,
          0,
          0,
          0.48438716,
          0.87485373,
          0,
          1.326126,
          15.71401,
          26.12404,
          1
        ]
      }
    ],
    "517D8F1E-BE7D-4055-9D27-5FD6840D0307" : [
      {
        "date" : 736377985.951907,
        "title" : "Untitled",
        "transform" : [
          1,
          0,
          -0,
          0,
          -0,
          0.8690909,
          -0.4946523,
          0,
          0,
          0.4946523,
          0.8690909,
          0,
          0.6471349,
          2.4357796,
          3.5861647,
          1
        ]
      }
    ],
    "6632BB40-4AA4-45C7-8CC2-402DB50508CE" : [
      {
        "date" : 734575499.527125,
        "title" : "Untitled",
        "transform" : [
          1,
          0,
          0,
          0,
          0,
          0.8716402,
          -0.49014622,
          0,
          0,
          0.49014622,
          0.8716402,
          0,
          0.009412227,
          0.2477023,
          0.40322477,
          1
        ]
      },
      {
        "date" : 734575494.350572,
        "title" : "Untitled",
        "transform" : [
          1,
          0,
          -0,
          0,
          -0,
          0.8716402,
          -0.49014622,
          0,
          0,
          0.49014622,
          0.8716402,
          0,
          0.009412226,
          0.80208623,
          1.363446,
          1
        ]
      },
      {
        "date" : 734575484.244739,
        "title" : "Untitled",
        "transform" : [
          0.99999994,
          0,
          -0,
          0,
          -0,
          0.8660254,
          -0.49999988,
          0,
          0,
          0.49999988,
          0.8660254,
          0,
          0,
          0.13728118,
          0.23777801,
          1
        ]
      }
    ],
    "75B17952-CAFA-4591-9ADA-5C6BB512B796" : [
      {
        "date" : 734895282.745362,
        "title" : "Untitled",
        "transform" : [
          1,
          0,
          -0,
          0,
          -0,
          0.8663174,
          -0.49949396,
          0,
          0,
          0.49949396,
          0.8663174,
          0,
          0.022465585,
          4.9329944,
          7.3017645,
          1
        ]
      },
      {
        "date" : 734895279.820026,
        "title" : "Untitled",
        "transform" : [
          0.99999994,
          0,
          -0,
          0,
          -0,
          0.8660255,
          -0.49999988,
          0,
          0,
          0.49999988,
          0.8660255,
          0,
          0,
          0.16634978,
          0.28812632,
          1
        ]
      }
    ],
    "76271219-3E2E-4506-997B-3C0997E5469A" : [
      {
        "date" : 736377982.060372,
        "title" : "Untitled",
        "transform" : [
          0.99999994,
          0,
          -0,
          0,
          -0,
          0.8660254,
          -0.49999994,
          0,
          0,
          0.49999994,
          0.8660254,
          0,
          0.30933884,
          1.3516463,
          2.3411202,
          1
        ]
      }
    ],
    "9AA293F1-6DA5-441B-8B58-507F3296B1B4" : [
      {
        "date" : 736377929.429696,
        "title" : "Untitled",
        "transform" : [
          0.99999905,
          0,
          0.0013580316,
          0,
          0.0006795874,
          0.8657822,
          -0.5004204,
          0,
          -0.0011757597,
          0.50042087,
          0.8657814,
          0,
          1.3183237,
          4.820643,
          9.700041,
          1
        ]
      },
      {
        "date" : 736376982.962778,
        "title" : "Untitled",
        "transform" : [
          0.99999905,
          0,
          0.0013580316,
          0,
          0.0006795874,
          0.8657822,
          -0.5004204,
          0,
          -0.0011757597,
          0.50042087,
          0.8657814,
          0,
          1.7302372,
          6.9751887,
          8.455275,
          1
        ]
      },
      {
        "date" : 736363333.206732,
        "title" : "Untitled",
        "transform" : [
          0.99999994,
          0,
          0,
          0,
          0,
          0.8657822,
          -0.50042087,
          0,
          0,
          0.50042087,
          0.8657822,
          0,
          1.9323688,
          3.084034,
          0.66088057,
          1
        ]
      },
      {
        "date" : 736363331.523992,
        "title" : "Untitled",
        "transform" : [
          0.99999994,
          0,
          0,
          0,
          0,
          0.8657822,
          -0.50042087,
          0,
          0,
          0.50042087,
          0.8657822,
          0,
          1.9323688,
          5.905758,
          5.542767,
          1
        ]
      },
      {
        "date" : 736363296.950416,
        "title" : "Untitled",
        "transform" : [
          0.99999994,
          0,
          0,
          0,
          0,
          0.8657822,
          -0.50042087,
          0,
          0,
          0.50042087,
          0.8657822,
          0,
          0.8970213,
          2.9762795,
          7.2360005,
          1
        ]
      },
      {
        "date" : 736363292.972245,
        "title" : "Untitled",
        "transform" : [
          0.99999994,
          0,
          -0,
          0,
          -0,
          0.8657822,
          -0.50042087,
          0,
          0,
          0.50042087,
          0.8657822,
          0,
          0.89702123,
          22.807058,
          41.583916,
          1
        ]
      }
    ],
    "9F573547-4285-4DCC-BEB6-45776D977A1C" : [
      {
        "date" : 735499825.427023,
        "title" : "Untitled",
        "transform" : [
          0.9999863,
          3.264289e-11,
          -0.005234265,
          0,
          0.00016150613,
          0.9995239,
          0.03085515,
          0,
          0.0052317725,
          -0.030855574,
          0.9995102,
          0,
          0.026483657,
          0.1370869,
          3.401463,
          1
        ]
      },
      {
        "date" : 735499823.402576,
        "title" : "Untitled",
        "transform" : [
          0.9999863,
          3.264289e-11,
          -0.005234265,
          0,
          0.00016150613,
          0.9995239,
          0.03085515,
          0,
          0.0052317725,
          -0.030855574,
          0.9995102,
          0,
          0.06855187,
          0.35484385,
          8.804549,
          1
        ]
      },
      {
        "date" : 734895226.773972,
        "title" : "Untitled",
        "transform" : [
          1,
          0,
          -0,
          0,
          -0,
          0.8663174,
          -0.49949396,
          0,
          0,
          0.49949396,
          0.8663174,
          0,
          0.022465585,
          4.9329944,
          7.3017645,
          1
        ]
      },
      {
        "date" : 734895224.276446,
        "title" : "Untitled",
        "transform" : [
          0.99999994,
          0,
          -0,
          0,
          -0,
          0.8660255,
          -0.49999988,
          0,
          0,
          0.49999988,
          0.8660255,
          0,
          0,
          0.16634978,
          0.28812632,
          1
        ]
      }
    ],
    "A11CDAD0-4836-45A4-8051-AAB2104A3F62" : [
      {
        "date" : 734892579.949157,
        "title" : "Untitled",
        "transform" : [
          0.999944,
          1.6064716e-10,
          -0.010587287,
          0,
          -0.0014831891,
          0.99013853,
          -0.14008358,
          0,
          0.010482881,
          0.14009146,
          0.9900831,
          0,
          0.07335487,
          1.6653897,
          6.928271,
          1
        ]
      },
      {
        "date" : 734892521.107371,
        "title" : "Untitled",
        "transform" : [
          1,
          0,
          -0,
          0,
          -0,
          0.86318505,
          -0.50488764,
          0,
          0,
          0.50488764,
          0.86318505,
          0,
          -8.3446497e-07,
          4.167007,
          5.7806478,
          1
        ]
      },
      {
        "date" : 734892518.979369,
        "title" : "Untitled",
        "transform" : [
          1,
          0,
          -0,
          0,
          -0,
          0.8660254,
          -0.5,
          0,
          0,
          0.5,
          0.8660254,
          0,
          0,
          0.14095491,
          0.24414109,
          1
        ]
      }
    ],
    "A426EE1A-008F-402F-B2E0-A9957504E153" : [
      {
        "date" : 735499932.224895,
        "title" : "Untitled",
        "transform" : [
          0.9971212,
          -3.435008e-11,
          -0.07582434,
          0,
          -0.020918015,
          0.9611937,
          -0.2750805,
          0,
          0.07288187,
          0.27587464,
          0.9584266,
          0,
          0.6465131,
          3.037796,
          8.250063,
          1
        ]
      },
      {
        "date" : 734895268.942801,
        "title" : "Untitled",
        "transform" : [
          1,
          0,
          -0,
          0,
          -0,
          0.8663174,
          -0.49949396,
          0,
          0,
          0.49949396,
          0.8663174,
          0,
          0.022465585,
          4.9329944,
          7.3017645,
          1
        ]
      },
      {
        "date" : 734895266.398758,
        "title" : "Untitled",
        "transform" : [
          0.99999994,
          0,
          -0,
          0,
          -0,
          0.8660255,
          -0.49999988,
          0,
          0,
          0.49999988,
          0.8660255,
          0,
          0,
          0.16634978,
          0.28812632,
          1
        ]
      }
    ],
    "AA2C4443-5FFC-4407-889B-FD96DFAB8EAD" : [
      {
        "date" : 734892608.179608,
        "title" : "Untitled",
        "transform" : [
          0.9996283,
          1.8715112e-09,
          0.027263021,
          0,
          0.007204005,
          0.96445686,
          -0.2641426,
          0,
          -0.026294,
          0.26424077,
          0.9640982,
          0,
          -0.048213027,
          0.671202,
          1.7677752,
          1
        ]
      },
      {
        "date" : 734892587.78561,
        "title" : "Untitled",
        "transform" : [
          1,
          0,
          -0,
          0,
          -0,
          0.86318505,
          -0.50488764,
          0,
          0,
          0.50488764,
          0.86318505,
          0,
          -8.3446497e-07,
          4.167007,
          5.7806478,
          1
        ]
      },
      {
        "date" : 734892585.376453,
        "title" : "Untitled",
        "transform" : [
          1,
          0,
          -0,
          0,
          -0,
          0.8660254,
          -0.5,
          0,
          0,
          0.5,
          0.8660254,
          0,
          0,
          0.14095491,
          0.24414109,
          1
        ]
      }
    ],
    "AE9EFD2C-E63E-4795-ABFF-128ABB41D808" : [
      {
        "date" : 736802789.304817,
        "title" : "Untitled",
        "transform" : [
          0.7657232,
          -2.3225363e-08,
          -0.64317024,
          0,
          -0.35297516,
          0.8359502,
          -0.4202329,
          0,
          0.53765833,
          0.54880524,
          0.6401065,
          0,
          0.23611179,
          0.25989676,
          0.28868505,
          1
        ]
      },
      {
        "date" : 736714361.204601,
        "title" : "Untitled",
        "transform" : [
          0.7657232,
          -2.3225363e-08,
          -0.64317024,
          0,
          -0.35297516,
          0.8359502,
          -0.4202329,
          0,
          0.53765833,
          0.54880524,
          0.6401065,
          0,
          0.19068685,
          0.20989588,
          0.23314567,
          1
        ]
      },
      {
        "date" : 736381863.154623,
        "title" : "Untitled",
        "transform" : [
          0.7657232,
          -2.3225363e-08,
          -0.64317024,
          0,
          -0.35297516,
          0.8359502,
          -0.4202329,
          0,
          0.53765833,
          0.54880524,
          0.6401065,
          0,
          0.1919179,
          0.24432805,
          0.20259076,
          1
        ]
      },
      {
        "date" : 736381851.967808,
        "title" : "Untitled",
        "transform" : [
          0.76902044,
          -2.3225363e-08,
          -0.63922423,
          0,
          -0.35080957,
          0.8359502,
          -0.4220424,
          0,
          0.53435963,
          0.5488052,
          0.64286274,
          0,
          -0.034075975,
          0.02979631,
          0.2896784,
          1
        ]
      },
      {
        "date" : 736381846.736183,
        "title" : "Untitled",
        "transform" : [
          0.76902044,
          -2.3225363e-08,
          -0.63922423,
          0,
          -0.35080957,
          0.8359502,
          -0.4220424,
          0,
          0.53435963,
          0.5488052,
          0.64286274,
          0,
          -0.09063433,
          0.08423086,
          0.29022056,
          1
        ]
      },
      {
        "date" : 736381844.292247,
        "title" : "Untitled",
        "transform" : [
          0.76902044,
          -2.3225363e-08,
          -0.63922423,
          0,
          -0.35080957,
          0.8359502,
          -0.4220424,
          0,
          0.53435963,
          0.5488052,
          0.64286274,
          0,
          0.04209307,
          0.15221238,
          0.3350048,
          1
        ]
      },
      {
        "date" : 736379119.375593,
        "title" : "Untitled",
        "transform" : [
          0.76902044,
          -2.3225363e-08,
          -0.63922423,
          0,
          -0.35080957,
          0.8359502,
          -0.4220424,
          0,
          0.53435963,
          0.5488052,
          0.64286274,
          0,
          0.05428824,
          0.21359873,
          0.27246308,
          1
        ]
      },
      {
        "date" : 736377920.034144,
        "title" : "Untitled",
        "transform" : [
          0.76902044,
          -2.3225363e-08,
          -0.63922423,
          0,
          -0.35080957,
          0.8359502,
          -0.4220424,
          0,
          0.53435963,
          0.5488052,
          0.64286274,
          0,
          -0.024467468,
          0.39353308,
          0.18431835,
          1
        ]
      },
      {
        "date" : 736377901.450249,
        "title" : "Untitled",
        "transform" : [
          0.76902044,
          -2.3225363e-08,
          -0.63922423,
          0,
          -0.35080957,
          0.8359502,
          -0.4220424,
          0,
          0.53435963,
          0.5488052,
          0.64286274,
          0,
          0.27576724,
          0.2527146,
          0.32673565,
          1
        ]
      },
      {
        "date" : 736377899.371768,
        "title" : "Untitled",
        "transform" : [
          0.76902044,
          -2.3225363e-08,
          -0.63922423,
          0,
          -0.35080957,
          0.8359502,
          -0.4220424,
          0,
          0.53435963,
          0.5488052,
          0.64286274,
          0,
          0.2576977,
          0.27793714,
          0.32022318,
          1
        ]
      }
    ],
    "D2506514-890A-4226-A91D-3D8FCC5054BD" : [
      {
        "date" : 734892630.219578,
        "title" : "Untitled",
        "transform" : [
          1,
          0,
          -0,
          0,
          -0,
          0.86318505,
          -0.50488764,
          0,
          0,
          0.50488764,
          0.86318505,
          0,
          -8.3446497e-07,
          4.167007,
          5.7806478,
          1
        ]
      },
      {
        "date" : 734892627.874538,
        "title" : "Untitled",
        "transform" : [
          1,
          0,
          -0,
          0,
          -0,
          0.8660254,
          -0.5,
          0,
          0,
          0.5,
          0.8660254,
          0,
          0,
          0.14095491,
          0.24414109,
          1
        ]
      }
    ],
    "F666B837-4739-4EA3-8805-F177403A07F9" : [
      {
        "date" : 736377018.24975,
        "title" : "Untitled",
        "transform" : [
          1,
          0,
          0,
          0,
          0,
          0.8660254,
          -0.5,
          0,
          0,
          0.5,
          0.8660254,
          0,
          3.604886,
          9.57687,
          16.666782,
          1
        ]
      },
      {
        "date" : 736362857.980681,
        "title" : "Untitled",
        "transform" : [
          1,
          0,
          0,
          0,
          0,
          0.8660254,
          -0.5,
          0,
          0,
          0.5,
          0.8660254,
          0,
          -0.84683037,
          4.5576787,
          8.790794,
          1
        ]
      },
      {
        "date" : 736362849.031733,
        "title" : "Untitled",
        "transform" : [
          1,
          0,
          0,
          0,
          0,
          0.8660254,
          -0.5,
          0,
          0,
          0.5,
          0.8660254,
          0,
          0,
          4.9459453,
          8.566628,
          1
        ]
      },
      {
        "date" : 736362838.807435,
        "title" : "Untitled",
        "transform" : [
          1,
          0,
          -0,
          0,
          -0,
          0.8660254,
          -0.5,
          0,
          0,
          0.5,
          0.8660254,
          0,
          0,
          0.25215155,
          0.4367394,
          1
        ]
      }
    ],
    "F85F37FA-5159-4A70-AC11-409405E37D80" : [
      {
        "date" : 736362087.208148,
        "title" : "Untitled",
        "transform" : [
          0.99999994,
          0,
          0,
          0,
          0,
          0.8652181,
          -0.50139564,
          0,
          0,
          0.50139564,
          0.8652181,
          0,
          0.018495679,
          1.8210528,
          1.6334372,
          1
        ]
      },
      {
        "date" : 736362084.556938,
        "title" : "Untitled",
        "transform" : [
          0.99999994,
          0,
          -0,
          0,
          -0,
          0.8652181,
          -0.50139564,
          0,
          0,
          0.50139564,
          0.8652181,
          0,
          0.018495679,
          5.20881,
          7.5012064,
          1
        ]
      }
    ]
  },
  "selectedSceneRelativePath" : "Immersive.usda"
}